[?25l[H[38;2;2;11;8;48;2;2;11;8m [38;2;2;11;8;48;2;2;11;8m [38;2;2;11;8;48;2;2;11;8m [38;2;2;11;8;48;2;2;11;8m [38;2;2;11;8;48;2;2;11;8m [38;2;2;11;8;48;2;2;11;8m [38;2;2;11;8;48;2;2;11;8m [38;2;2;11;8;48;2;2;11;8m [38;2;2;11;8;48;2;2;11;8m [38;2;2;11;8;48;2;2;11;8m [38;2;2;11;8;48;2;2;11;8m [38;2;2;11;8;48;2;2;11;8m [38;2;2;11;8;48;2;2;11;8m [38;2;2;11;8;48;2;2;11;8m [38;2;2;11;8;48;2;2;11;8m [38;2;2;11;8;48;2;2;11;8m [38;2;2;11;8;48;2;2;11;8m [38;2;2;11;8;48;2;2;11;8m [38;2;2;11;8;48;2;2;11;8m [38;2;2;11;8;48;2;2;11;8m [38;2;2;11;8;48;2;2;11;8m [38;2;2;11;8;48;2;2;11;8m [38;2;2;11;8;48;2;2;11;8m [38;2;2;11;8;48;2;2;11;8m [38;2;2;11;8;48;2;2;11;8m [38;2;2;11;8;48;2;2;11;8m [38;2;2;11;8;48;2;2;11;8m [38;2;2;11;8;48;2;2;11;8m [38;2;2;11;8;48;2;2;11;8m [38;2;2;11;8;48;2;2;11;8m [38;2;2;11;8;48;2;2;11;8m [38;2;2;11;8;48;2;2;11;8m 
[38;2;2;11;8;48;2;2;11;8m [38;2;2;11;8;48;2;2;11;8m [38;2;2;11;8;48;2;2;11;8m [38;2;2;11;8;48;2;2;11;8m [38;2;2;11;8;48;2;2;11;8m [38;2;2;11;8;48;2;2;11;8m [38;2;2;11;8;48;2;2;11;8m [38;2;2;11;8;48;2;2;11;8m [38;2;2;11;8;48;2;2;11;8m [38;2;2;11;8;48;2;2;11;8m [38;2;2;11;8;48;2;2;11;8m [38;2;2;11;8;48;2;2;11;8m [38;2;2;11;8;48;2;2;11;8m [38;2;2;11;8;48;2;2;11;8m [38;2;2;11;8;48;2;2;11;8m [38;2;2;11;8;48;2;2;11;8m [38;2;2;11;8;48;2;2;11;8m [38;2;2;11;8;48;2;2;11;8m [38;2;2;11;8;48;2;2;11;8m [38;2;2;11;8;48;2;2;11;8m [38;2;2;11;8;48;2;2;11;8m [38;2;2;11;8;48;2;2;11;8m [38;2;2;11;8;48;2;2;11;8m [38;2;2;11;8;48;2;2;11;8m [38;2;2;11;8;48;2;2;11;8m [38;2;2;11;8;48;2;2;11;8m [38;2;2;11;8;48;2;2;11;8m [38;2;2;11;8;48;2;2;11;8m [38;2;2;11;8;48;2;2;11;8m [38;2;2;11;8;48;2;2;11;8m [38;2;2;11;8;48;2;2;11;8m [38;2;2;11;8;48;2;2;11;8m 
[38;2;2;11;8;48;2;2;11;8m [38;2;2;11;8;48;2;2;11;8m [38;2;2;11;8;48;2;2;11;8m [38;2;2;11;8;48;2;2;11;8m [38;2;2;11;8;48;2;2;11;8m [38;2;2;11;8;48;2;2;11;8m [38;2;2;11;8;48;2;2;11;8m [38;2;2;11;8;48;2;2;11;8m [38;2;2;11;8;48;2;2;11;8m [38;2;2;11;8;48;2;2;11;8m [38;2;2;11;8;48;2;2;11;8m [38;2;2;11;8;48;2;2;11;8m [38;2;2;11;8;48;2;2;11;8m [38;2;2;11;8;48;2;2;11;8m [38;2;2;11;8;48;2;2;11;8m [38;2;2;11;8;48;2;2;11;8m [38;2;2;11;8;48;2;2;11;8m [38;2;2;11;8;48;2;2;11;8m [38;2;2;11;8;48;2;2;11;8m [38;2;2;11;8;48;2;2;11;8m [38;2;2;11;8;48;2;2;11;8m [38;2;2;11;8;48;2;2;11;8m [38;2;2;11;8;48;2;2;11;8m [38;2;2;11;8;48;2;2;11;8m [38;2;2;11;8;48;2;2;11;8m [38;2;2;11;8;48;2;2;11;8m [38;2;2;11;8;48;2;2;11;8m [38;2;2;11;8;48;2;2;11;8m [38;2;2;11;8;48;2;2;11;8m [38;2;2;11;8;48;2;2;11;8m [38;2;2;11;8;48;2;2;11;8m [38;2;2;11;8;48;2;2;11;8m 
[38;2;2;11;8;48;2;2;11;8m [38;2;2;11;8;48;2;2;11;8m [38;2;2;11;8;48;2;2;11;8m [38;2;2;11;8;48;2;2;11;8m [38;2;2;11;8;48;2;2;11;8m [38;2;2;11;8;48;2;2;11;8m [38;2;2;11;8;48;2;2;11;8m [38;2;2;11;8;48;2;2;11;8m [38;2;2;11;8;48;2;2;11;8m [38;2;2;11;8;48;2;2;11;8m [38;2;2;11;8;48;2;2;11;8m [38;2;2;11;8;48;2;2;11;8m [38;2;2;11;8;48;2;2;11;8m [38;2;2;11;8;48;2;2;11;8m [38;2;2;11;8;48;2;2;11;8m [38;2;2;11;8;48;2;2;11;8m [38;2;2;11;8;48;2;2;11;8m [38;2;2;11;8;48;2;2;11;8m [38;2;2;11;8;48;2;2;11;8m [38;2;2;11;8;48;2;2;11;8m [38;2;2;11;8;48;2;2;11;8m [38;2;2;11;8;48;2;2;11;8m [38;2;2;11;8;48;2;2;11;8m [38;2;2;11;8;48;2;2;11;8m [38;2;2;11;8;48;2;2;11;8m [38;2;2;11;8;48;2;2;11;8m [38;2;2;11;8;48;2;2;11;8m [38;2;2;11;8;48;2;2;11;8m [38;2;2;11;8;48;2;2;11;8m [38;2;2;11;8;48;2;2;11;8m [38;2;2;11;8;48;2;2;11;8m [38;2;2;11;8;48;2;2;11;8m 
[38;2;2;11;8;48;2;2;11;8m [38;2;2;11;8;48;2;2;11;8m [38;2;2;11;8;48;2;2;11;8m [38;2;2;11;8;48;2;2;11;8m [38;2;2;11;8;48;2;2;11;8m [38;2;2;11;8;48;2;2;11;8m [38;2;2;11;8;48;2;2;11;8m [38;2;2;11;8;48;2;2;11;8m [38;2;2;11;8;48;2;2;11;8m [38;2;2;11;8;48;2;2;11;8m [38;2;2;11;8;48;2;2;11;8m [38;2;2;11;8;48;2;2;11;8m [38;2;2;11;8;48;2;2;11;8m [38;2;2;11;8;48;2;2;11;8m [38;2;2;11;8;48;2;2;11;8m [38;2;2;11;8;48;2;2;11;8m [38;2;2;11;8;48;2;2;11;8m [38;2;2;11;8;48;2;2;11;8m [38;2;2;11;8;48;2;2;11;8m [38;2;2;11;8;48;2;2;11;8m [38;2;2;11;8;48;2;2;11;8m [38;2;2;11;8;48;2;2;11;8m [38;2;2;11;8;48;2;2;11;8m [38;2;2;11;8;48;2;2;11;8m [38;2;2;11;8;48;2;2;11;8m [38;2;2;11;8;48;2;2;11;8m [38;2;2;11;8;48;2;2;11;8m [38;2;2;11;8;48;2;2;11;8m [38;2;2;11;8;48;2;2;11;8m [38;2;2;11;8;48;2;2;11;8m [38;2;2;11;8;48;2;2;11;8m [38;2;2;11;8;48;2;2;11;8m 
[38;2;2;11;8;48;2;2;11;8m [38;2;2;11;8;48;2;2;11;8m [38;2;2;11;8;48;2;2;11;8m [38;2;2;11;8;48;2;2;11;8m [38;2;2;11;8;48;2;2;11;8m [38;2;2;11;8;48;2;2;11;8m [38;2;2;11;8;48;2;2;11;8m [38;2;2;11;8;48;2;2;11;8m [38;2;2;11;8;48;2;2;11;8m [38;2;41;140;102;48;2;2;11;8m▄[38;2;41;140;102;48;2;2;11;8m▄[38;2;41;140;102;48;2;41;140;102m█[38;2;41;140;102;48;2;41;140;102m█[38;2;41;140;102;48;2;41;140;102m█[38;2;41;140;102;48;2;41;140;102m█[38;2;41;140;102;48;2;41;140;102m█[38;2;41;140;102;48;2;41;140;102m█[38;2;41;140;102;48;2;41;140;102m█[38;2;41;140;102;48;2;41;140;102m█[38;2;41;140;102;48;2;41;140;102m█[38;2;41;140;102;48;2;41;140;102m█[38;2;41;140;102;48;2;2;11;8m▄[38;2;41;140;102;48;2;2;11;8m▄[38;2;2;11;8;48;2;2;11;8m [38;2;2;11;8;48;2;2;11;8m [38;2;2;11;8;48;2;2;11;8m [38;2;2;11;8;48;2;2;11;8m [38;2;2;11;8;48;2;2;11;8m [38;2;2;11;8;48;2;2;11;8m [38;2;2;11;8;48;2;2;11;8m [38;2;2;11;8;48;2;2;11;8m [38;2;2;11;8;48;2;2;11;8m 
[38;2;2;11;8;48;2;2;11;8m [38;2;2;11;8;48;2;2;11;8m [38;2;2;11;8;48;2;2;11;8m [38;2;2;11;8;48;2;2;11;8m [38;2;2;11;8;48;2;2;11;8m [38;2;2;11;8;48;2;2;11;8m [38;2;113;237;177;48;2;2;11;8m▄[38;2;113;237;177;48;2;113;237;177m█[38;2;113;237;177;48;2;5;43;35m▀[38;2;113;237;177;48;2;5;43;35m▀[38;2;6;58;44;48;2;5;43;35m▀[38;2;6;58;44;48;2;5;43;35m▀[38;2;6;58;44;48;2;5;43;35m▀[38;2;6;58;44;48;2;5;43;35m▀[38;2;6;58;44;48;2;5;43;35m▀[38;2;6;58;44;48;2;5;43;35m▀[38;2;6;58;44;48;2;5;43;35m▀[38;2;6;58;44;48;2;5;43;35m▀[38;2;6;58;44;48;2;5;43;35m▀[38;2;6;58;44;48;2;5;43;35m▀[38;2;6;58;44;48;2;5;43;35m▀[38;2;6;58;44;48;2;5;43;35m▀[38;2;41;140;102;48;2;5;43;35m▀[38;2;41;140;102;48;2;5;43;35m▀[38;2;41;140;102;48;2;41;140;102m█[38;2;41;140;102;48;2;2;11;8m▄[38;2;2;11;8;48;2;2;11;8m [38;2;2;11;8;48;2;2;11;8m [38;2;2;11;8;48;2;2;11;8m [38;2;2;11;8;48;2;2;11;8m [38;2;2;11;8;48;2;2;11;8m [38;2;2;11;8;48;2;2;11;8m 
[38;2;2;11;8;48;2;2;11;8m [38;2;2;11;8;48;2;2;11;8m [38;2;2;11;8;48;2;2;11;8m [38;2;2;11;8;48;2;2;11;8m [38;2;2;11;8;48;2;2;11;8m [38;2;41;140;102;48;2;113;237;177m▀[38;2;41;140;102;48;2;113;237;177m▀[38;2;2;11;8;48;2;2;11;8m [38;2;5;43;35;48;2;5;43;35m█[38;2;5;43;35;48;2;5;43;35m█[38;2;5;43;35;48;2;5;43;35m█[38;2;5;43;35;48;2;5;43;35m█[38;2;5;43;35;48;2;5;43;35m█[38;2;5;43;35;48;2;5;43;35m█[38;2;5;43;35;48;2;5;43;35m█[38;2;5;43;35;48;2;5;43;35m█[38;2;5;43;35;48;2;5;43;35m█[38;2;5;43;35;48;2;5;43;35m█[38;2;5;43;35;48;2;5;43;35m█[38;2;5;43;35;48;2;5;43;35m█[38;2;5;43;35;48;2;5;43;35m█[38;2;5;43;35;48;2;5;43;35m█[38;2;5;43;35;48;2;5;43;35m█[38;2;5;43;35;48;2;5;43;35m█[38;2;2;11;8;48;2;2;11;8m [38;2;41;140;102;48;2;41;140;102m█[38;2;41;140;102;48;2;41;140;102m█[38;2;2;11;8;48;2;2;11;8m [38;2;2;11;8;48;2;2;11;8m [38;2;2;11;8;48;2;2;11;8m [38;2;2;11;8;48;2;2;11;8m [38;2;2;11;8;48;2;2;11;8m 
[38;2;2;11;8;48;2;2;11;8m [38;2;2;11;8;48;2;2;11;8m [38;2;2;11;8;48;2;2;11;8m [38;2;2;11;8;48;2;2;11;8m [38;2;2;11;8;48;2;2;11;8m [38;2;113;237;177;48;2;2;11;8m▀[38;2;113;237;177;48;2;113;237;177m█[38;2;226;255;240;48;2;113;237;177m▀[38;2;226;255;240;48;2;113;237;177m▀[38;2;5;43;35;48;2;113;237;177m▀[38;2;5;43;35;48;2;6;58;44m▀[38;2;5;43;35;48;2;6;58;44m▀[38;2;5;43;35;48;2;6;58;44m▀[38;2;5;43;35;48;2;6;58;44m▀[38;2;5;43;35;48;2;6;58;44m▀[38;2;5;43;35;48;2;6;58;44m▀[38;2;5;43;35;48;2;6;58;44m▀[38;2;5;43;35;48;2;6;58;44m▀[38;2;5;43;35;48;2;6;58;44m▀[38;2;5;43;35;48;2;6;58;44m▀[38;2;5;43;35;48;2;6;58;44m▀[38;2;5;43;35;48;2;6;58;44m▀[38;2;5;43;35;48;2;41;140;102m▀[38;2;60;187;131;48;2;41;140;102m▀[38;2;60;187;131;48;2;41;140;102m▀[38;2;60;187;131;48;2;41;140;102m▀[38;2;2;11;8;48;2;2;11;8m [38;2;2;11;8;48;2;2;11;8m [38;2;2;11;8;48;2;2;11;8m [38;2;2;11;8;48;2;2;11;8m [38;2;2;11;8;48;2;2;11;8m [38;2;2;11;8;48;2;2;11;8m 
[38;2;2;11;8;48;2;2;11;8m [38;2;2;11;8;48;2;2;11;8m [38;2;2;11;8;48;2;2;11;8m [38;2;2;11;8;48;2;2;11;8m [38;2;2;11;8;48;2;2;11;8m [38;2;2;11;8;48;2;2;11;8m [38;2;2;11;8;48;2;2;11;8m [38;2;113;237;177;48;2;113;237;177m█[38;2;113;237;177;48;2;2;11;8m▀[38;2;113;237;177;48;2;2;11;8m▀[38;2;113;237;177;48;2;113;237;177m█[38;2;113;237;177;48;2;113;237;177m█[38;2;41;140;102;48;2;113;237;177m▀[38;2;41;140;102;48;2;113;237;177m▀[38;2;41;140;102;48;2;41;140;102m█[38;2;41;140;102;48;2;41;140;102m█[38;2;41;140;102;48;2;41;140;102m█[38;2;41;140;102;48;2;41;140;102m█[38;2;41;140;102;48;2;41;140;102m█[38;2;41;140;102;48;2;41;140;102m█[38;2;41;140;102;48;2;41;140;102m█[38;2;41;140;102;48;2;41;140;102m█[38;2;41;140;102;48;2;2;11;8m▀[38;2;41;140;102;48;2;2;11;8m▀[38;2;41;140;102;48;2;41;140;102m█[38;2;2;11;8;48;2;2;11;8m [38;2;2;11;8;48;2;2;11;8m [38;2;2;11;8;48;2;2;11;8m [38;2;2;11;8;48;2;2;11;8m [38;2;2;11;8;48;2;2;11;8m [38;2;2;11;8;48;2;2;11;8m [38;2;2;11;8;48;2;2;11;8m 
[38;2;2;11;8;48;2;2;11;8m [38;2;2;11;8;48;2;2;11;8m [38;2;2;11;8;48;2;2;11;8m [38;2;2;11;8;48;2;2;11;8m [38;2;2;11;8;48;2;2;11;8m [38;2;2;11;8;48;2;2;11;8m [38;2;2;11;8;48;2;2;11;8m [38;2;113;237;177;48;2;113;237;177m█[38;2;2;11;8;48;2;2;11;8m [38;2;2;11;8;48;2;2;11;8m [38;2;2;11;8;48;2;2;11;8m [38;2;2;11;8;48;2;2;11;8m [38;2;41;140;102;48;2;2;11;8m▀[38;2;41;140;102;48;2;2;11;8m▀[38;2;41;140;102;48;2;2;11;8m▀[38;2;41;140;102;48;2;2;11;8m▀[38;2;41;140;102;48;2;2;11;8m▀[38;2;41;140;102;48;2;2;11;8m▀[38;2;41;140;102;48;2;2;11;8m▀[38;2;41;140;102;48;2;2;11;8m▀[38;2;2;11;8;48;2;2;11;8m [38;2;2;11;8;48;2;2;11;8m [38;2;2;11;8;48;2;2;11;8m [38;2;2;11;8;48;2;2;11;8m [38;2;41;140;102;48;2;41;140;102m█[38;2;2;11;8;48;2;2;11;8m [38;2;2;11;8;48;2;2;11;8m [38;2;2;11;8;48;2;2;11;8m [38;2;2;11;8;48;2;2;11;8m [38;2;2;11;8;48;2;2;11;8m [38;2;2;11;8;48;2;2;11;8m [38;2;2;11;8;48;2;2;11;8m 
[38;2;2;11;8;48;2;2;11;8m [38;2;2;11;8;48;2;2;11;8m [38;2;2;11;8;48;2;2;11;8m [38;2;2;11;8;48;2;2;11;8m [38;2;2;11;8;48;2;2;11;8m [38;2;2;11;8;48;2;2;11;8m [38;2;2;11;8;48;2;2;11;8m [38;2;113;237;177;48;2;113;237;177m█[38;2;2;11;8;48;2;2;11;8m [38;2;2;11;8;48;2;2;11;8m [38;2;2;11;8;48;2;2;11;8m [38;2;2;11;8;48;2;2;11;8m [38;2;2;11;8;48;2;2;11;8m [38;2;2;11;8;48;2;2;11;8m [38;2;2;11;8;48;2;2;11;8m [38;2;113;237;177;48;2;2;11;8m▄[38;2;60;187;131;48;2;226;255;240m▀[38;2;113;237;177;48;2;2;11;8m▄[38;2;2;11;8;48;2;2;11;8m [38;2;2;11;8;48;2;2;11;8m [38;2;2;11;8;48;2;2;11;8m [38;2;2;11;8;48;2;2;11;8m [38;2;2;11;8;48;2;2;11;8m [38;2;2;11;8;48;2;2;11;8m [38;2;41;140;102;48;2;41;140;102m█[38;2;2;11;8;48;2;2;11;8m [38;2;2;11;8;48;2;2;11;8m [38;2;60;187;131;48;2;2;11;8m▄[38;2;60;187;131;48;2;60;187;131m█[38;2;60;187;131;48;2;2;11;8m▄[38;2;2;11;8;48;2;2;11;8m [38;2;2;11;8;48;2;2;11;8m 
[38;2;2;11;8;48;2;2;11;8m [38;2;2;11;8;48;2;2;11;8m [38;2;2;11;8;48;2;2;11;8m [38;2;2;11;8;48;2;2;11;8m [38;2;2;11;8;48;2;2;11;8m [38;2;2;11;8;48;2;2;11;8m [38;2;2;11;8;48;2;2;11;8m [38;2;226;255;240;48;2;226;255;240m█[38;2;2;11;8;48;2;2;11;8m [38;2;2;11;8;48;2;2;11;8m [38;2;2;11;8;48;2;2;11;8m [38;2;2;11;8;48;2;2;11;8m [38;2;2;11;8;48;2;2;11;8m [38;2;2;11;8;48;2;2;11;8m [38;2;113;237;177;48;2;2;11;8m▄[38;2;113;237;177;48;2;226;255;240m▀[38;2;226;255;240;48;2;226;255;240m█[38;2;113;237;177;48;2;226;255;240m▀[38;2;113;237;177;48;2;2;11;8m▄[38;2;2;11;8;48;2;2;11;8m [38;2;2;11;8;48;2;2;11;8m [38;2;2;11;8;48;2;2;11;8m [38;2;2;11;8;48;2;2;11;8m [38;2;2;11;8;48;2;2;11;8m [38;2;60;187;131;48;2;60;187;131m█[38;2;2;11;8;48;2;2;11;8m [38;2;60;187;131;48;2;2;11;8m▀[38;2;226;255;240;48;2;60;187;131m▀[38;2;226;255;240;48;2;60;187;131m▀[38;2;226;255;240;48;2;60;187;131m▀[38;2;60;187;131;48;2;2;11;8m▀[38;2;2;11;8;48;2;2;11;8m 
[38;2;2;11;8;48;2;2;11;8m [38;2;2;11;8;48;2;2;11;8m [38;2;2;11;8;48;2;2;11;8m [38;2;2;11;8;48;2;2;11;8m [38;2;2;11;8;48;2;2;11;8m [38;2;2;11;8;48;2;2;11;8m [38;2;2;11;8;48;2;2;11;8m [38;2;226;255;240;48;2;226;255;240m█[38;2;2;11;8;48;2;2;11;8m [38;2;2;11;8;48;2;2;11;8m [38;2;2;11;8;48;2;2;11;8m [38;2;60;187;131;48;2;2;11;8m▄[38;2;226;255;240;48;2;2;11;8m▄[38;2;113;237;177;48;2;226;255;240m▀[38;2;226;255;240;48;2;226;255;240m█[38;2;226;255;240;48;2;226;255;240m█[38;2;226;255;240;48;2;226;255;240m█[38;2;226;255;240;48;2;226;255;240m█[38;2;226;255;240;48;2;226;255;240m█[38;2;113;237;177;48;2;226;255;240m▀[38;2;226;255;240;48;2;2;11;8m▄[38;2;60;187;131;48;2;2;11;8m▄[38;2;2;11;8;48;2;2;11;8m [38;2;2;11;8;48;2;2;11;8m [38;2;60;187;131;48;2;60;187;131m█[38;2;2;11;8;48;2;2;11;8m [38;2;2;11;8;48;2;2;11;8m [38;2;2;11;8;48;2;2;11;8m [38;2;60;187;131;48;2;2;11;8m▀[38;2;2;11;8;48;2;2;11;8m [38;2;2;11;8;48;2;2;11;8m [38;2;2;11;8;48;2;2;11;8m 
[38;2;2;11;8;48;2;2;11;8m [38;2;2;11;8;48;2;2;11;8m [38;2;2;11;8;48;2;2;11;8m [38;2;2;11;8;48;2;2;11;8m [38;2;2;11;8;48;2;2;11;8m [38;2;2;11;8;48;2;2;11;8m [38;2;2;11;8;48;2;2;11;8m [38;2;113;237;177;48;2;113;237;177m█[38;2;2;11;8;48;2;2;11;8m [38;2;2;11;8;48;2;2;11;8m [38;2;2;11;8;48;2;2;11;8m [38;2;60;187;131;48;2;2;11;8m▄[38;2;60;187;131;48;2;9;99;70m▀[38;2;113;237;177;48;2;16;134;89m▀[38;2;226;255;240;48;2;113;237;177m▀[38;2;226;255;240;48;2;226;255;240m█[38;2;226;255;240;48;2;226;255;240m█[38;2;226;255;240;48;2;226;255;240m█[38;2;226;255;240;48;2;113;237;177m▀[38;2;113;237;177;48;2;2;11;8m▀[38;2;2;11;8;48;2;2;11;8m [38;2;2;11;8;48;2;2;11;8m [38;2;2;11;8;48;2;2;11;8m [38;2;2;11;8;48;2;2;11;8m [38;2;41;140;102;48;2;41;140;102m█[38;2;2;11;8;48;2;2;11;8m [38;2;2;11;8;48;2;2;11;8m [38;2;2;11;8;48;2;2;11;8m [38;2;2;11;8;48;2;2;11;8m [38;2;2;11;8;48;2;2;11;8m [38;2;2;11;8;48;2;2;11;8m [38;2;2;11;8;48;2;2;11;8m 
[38;2;2;11;8;48;2;2;11;8m [38;2;2;11;8;48;2;2;11;8m [38;2;2;11;8;48;2;2;11;8m [38;2;2;11;8;48;2;2;11;8m [38;2;2;11;8;48;2;2;11;8m [38;2;2;11;8;48;2;2;11;8m [38;2;2;11;8;48;2;2;11;8m [38;2;113;237;177;48;2;113;237;177m█[38;2;2;11;8;48;2;2;11;8m [38;2;2;11;8;48;2;2;11;8m [38;2;60;187;131;48;2;2;11;8m▄[38;2;9;99;70;48;2;9;99;70m█[38;2;16;134;89;48;2;16;134;89m█[38;2;16;134;89;48;2;16;134;89m█[38;2;16;134;89;48;2;16;134;89m█[38;2;113;237;177;48;2;113;237;177m█[38;2;226;255;240;48;2;226;255;240m█[38;2;113;237;177;48;2;113;237;177m█[38;2;2;11;8;48;2;2;11;8m [38;2;2;11;8;48;2;2;11;8m [38;2;2;11;8;48;2;2;11;8m [38;2;2;11;8;48;2;2;11;8m [38;2;2;11;8;48;2;2;11;8m [38;2;2;11;8;48;2;2;11;8m [38;2;41;140;102;48;2;41;140;102m█[38;2;2;11;8;48;2;2;11;8m [38;2;2;11;8;48;2;2;11;8m [38;2;2;11;8;48;2;2;11;8m [38;2;2;11;8;48;2;2;11;8m [38;2;2;11;8;48;2;2;11;8m [38;2;2;11;8;48;2;2;11;8m [38;2;2;11;8;48;2;2;11;8m 
[38;2;2;11;8;48;2;2;11;8m [38;2;2;11;8;48;2;2;11;8m [38;2;2;11;8;48;2;2;11;8m [38;2;2;11;8;48;2;2;11;8m [38;2;2;11;8;48;2;2;11;8m [38;2;2;11;8;48;2;2;11;8m [38;2;2;11;8;48;2;2;11;8m [38;2;113;237;177;48;2;113;237;177m█[38;2;2;11;8;48;2;2;11;8m [38;2;16;134;89;48;2;9;99;70m▀[38;2;9;99;70;48;2;9;99;70m█[38;2;9;99;70;48;2;9;99;70m█[38;2;16;134;89;48;2;16;134;89m█[38;2;16;134;89;48;2;16;134;89m█[38;2;16;134;89;48;2;16;134;89m█[38;2;16;134;89;48;2;16;134;89m█[38;2;60;187;131;48;2;60;187;131m█[38;2;9;99;70;48;2;16;134;89m▀[38;2;60;187;131;48;2;2;11;8m▄[38;2;2;11;8;48;2;2;11;8m [38;2;2;11;8;48;2;2;11;8m [38;2;2;11;8;48;2;2;11;8m [38;2;2;11;8;48;2;2;11;8m [38;2;2;11;8;48;2;2;11;8m [38;2;41;140;102;48;2;41;140;102m█[38;2;2;11;8;48;2;2;11;8m [38;2;2;11;8;48;2;2;11;8m [38;2;2;11;8;48;2;2;11;8m [38;2;2;11;8;48;2;2;11;8m [38;2;2;11;8;48;2;2;11;8m [38;2;2;11;8;48;2;2;11;8m [38;2;2;11;8;48;2;2;11;8m 
[38;2;2;11;8;48;2;2;11;8m [38;2;2;11;8;48;2;2;11;8m [38;2;2;11;8;48;2;2;11;8m [38;2;2;11;8;48;2;2;11;8m [38;2;2;11;8;48;2;2;11;8m [38;2;2;11;8;48;2;2;11;8m [38;2;2;11;8;48;2;2;11;8m [38;2;113;237;177;48;2;113;237;177m█[38;2;2;11;8;48;2;2;11;8m [38;2;113;237;177;48;2;9;99;70m▀[38;2;9;99;70;48;2;9;99;70m█[38;2;9;99;70;48;2;113;237;177m▀[38;2;16;134;89;48;2;113;237;177m▀[38;2;16;134;89;48;2;60;187;131m▀[38;2;16;134;89;48;2;16;134;89m█[38;2;16;134;89;48;2;16;134;89m█[38;2;16;134;89;48;2;16;134;89m█[38;2;16;134;89;48;2;16;134;89m█[38;2;9;99;70;48;2;16;134;89m▀[38;2;60;187;131;48;2;9;99;70m▀[38;2;60;187;131;48;2;9;99;70m▀[38;2;60;187;131;48;2;9;99;70m▀[38;2;16;134;89;48;2;9;99;70m▀[38;2;2;11;8;48;2;2;11;8m [38;2;41;140;102;48;2;41;140;102m█[38;2;2;11;8;48;2;2;11;8m [38;2;2;11;8;48;2;2;11;8m [38;2;2;11;8;48;2;2;11;8m [38;2;2;11;8;48;2;2;11;8m [38;2;2;11;8;48;2;2;11;8m [38;2;2;11;8;48;2;2;11;8m [38;2;2;11;8;48;2;2;11;8m 
[38;2;2;11;8;48;2;2;11;8m [38;2;2;11;8;48;2;2;11;8m [38;2;2;11;8;48;2;2;11;8m [38;2;2;11;8;48;2;2;11;8m [38;2;2;11;8;48;2;2;11;8m [38;2;2;11;8;48;2;2;11;8m [38;2;2;11;8;48;2;2;11;8m [38;2;113;237;177;48;2;113;237;177m█[38;2;2;11;8;48;2;2;11;8m [38;2;5;43;35;48;2;5;43;35m█[38;2;113;237;177;48;2;9;99;70m▀[38;2;9;99;70;48;2;7;82;59m▀[38;2;9;99;70;48;2;7;82;59m▀[38;2;9;99;70;48;2;7;82;59m▀[38;2;60;187;131;48;2;9;99;70m▀[38;2;16;134;89;48;2;16;134;89m█[38;2;16;134;89;48;2;16;134;89m█[38;2;16;134;89;48;2;16;134;89m█[38;2;16;134;89;48;2;16;134;89m█[38;2;16;134;89;48;2;16;134;89m█[38;2;9;99;70;48;2;9;99;70m█[38;2;9;99;70;48;2;9;99;70m█[38;2;9;99;70;48;2;113;237;177m▀[38;2;2;11;8;48;2;2;11;8m [38;2;41;140;102;48;2;41;140;102m█[38;2;2;11;8;48;2;2;11;8m [38;2;2;11;8;48;2;2;11;8m [38;2;2;11;8;48;2;2;11;8m [38;2;2;11;8;48;2;2;11;8m [38;2;2;11;8;48;2;2;11;8m [38;2;2;11;8;48;2;2;11;8m [38;2;2;11;8;48;2;2;11;8m 
[38;2;2;11;8;48;2;2;11;8m [38;2;2;11;8;48;2;2;11;8m [38;2;2;11;8;48;2;2;11;8m [38;2;2;11;8;48;2;2;11;8m [38;2;2;11;8;48;2;2;11;8m [38;2;2;11;8;48;2;2;11;8m [38;2;2;11;8;48;2;2;11;8m [38;2;113;237;177;48;2;113;237;177m█[38;2;2;11;8;48;2;2;11;8m [38;2;5;43;35;48;2;5;43;35m█[38;2;6;58;44;48;2;6;58;44m█[38;2;7;82;59;48;2;7;82;59m█[38;2;7;82;59;48;2;7;82;59m█[38;2;7;82;59;48;2;9;99;70m▀[38;2;16;134;89;48;2;7;82;59m▀[38;2;60;187;131;48;2;9;99;70m▀[38;2;16;134;89;48;2;60;187;131m▀[38;2;16;134;89;48;2;60;187;131m▀[38;2;16;134;89;48;2;16;134;89m█[38;2;16;134;89;48;2;16;134;89m█[38;2;9;99;70;48;2;9;99;70m█[38;2;9;99;70;48;2;9;99;70m█[38;2;9;99;70;48;2;5;43;35m▀[38;2;2;11;8;48;2;2;11;8m [38;2;41;140;102;48;2;41;140;102m█[38;2;2;11;8;48;2;2;11;8m [38;2;2;11;8;48;2;2;11;8m [38;2;2;11;8;48;2;2;11;8m [38;2;2;11;8;48;2;2;11;8m [38;2;2;11;8;48;2;2;11;8m [38;2;2;11;8;48;2;2;11;8m [38;2;2;11;8;48;2;2;11;8m 
[38;2;2;11;8;48;2;2;11;8m [38;2;2;11;8;48;2;2;11;8m [38;2;2;11;8;48;2;2;11;8m [38;2;2;11;8;48;2;2;11;8m [38;2;2;11;8;48;2;2;11;8m [38;2;2;11;8;48;2;2;11;8m [38;2;2;11;8;48;2;2;11;8m [38;2;113;237;177;48;2;113;237;177m█[38;2;2;11;8;48;2;2;11;8m [38;2;5;43;35;48;2;5;43;35m█[38;2;6;58;44;48;2;6;58;44m█[38;2;7;82;59;48;2;7;82;59m█[38;2;7;82;59;48;2;9;99;70m▀[38;2;9;99;70;48;2;7;82;59m▀[38;2;7;82;59;48;2;7;82;59m█[38;2;6;58;44;48;2;6;58;44m█[38;2;9;99;70;48;2;6;58;44m▀[38;2;9;99;70;48;2;6;58;44m▀[38;2;113;237;177;48;2;9;99;70m▀[38;2;60;187;131;48;2;113;237;177m▀[38;2;113;237;177;48;2;9;99;70m▀[38;2;113;237;177;48;2;9;99;70m▀[38;2;5;43;35;48;2;5;43;35m█[38;2;2;11;8;48;2;2;11;8m [38;2;41;140;102;48;2;41;140;102m█[38;2;2;11;8;48;2;2;11;8m [38;2;2;11;8;48;2;2;11;8m [38;2;2;11;8;48;2;2;11;8m [38;2;2;11;8;48;2;2;11;8m [38;2;2;11;8;48;2;2;11;8m [38;2;2;11;8;48;2;2;11;8m [38;2;2;11;8;48;2;2;11;8m 
[38;2;2;11;8;48;2;2;11;8m [38;2;2;11;8;48;2;2;11;8m [38;2;2;11;8;48;2;2;11;8m [38;2;2;11;8;48;2;2;11;8m [38;2;2;11;8;48;2;2;11;8m [38;2;2;11;8;48;2;2;11;8m [38;2;2;11;8;48;2;2;11;8m [38;2;113;237;177;48;2;113;237;177m█[38;2;2;11;8;48;2;2;11;8m [38;2;5;43;35;48;2;5;43;35m█[38;2;6;58;44;48;2;6;58;44m█[38;2;7;82;59;48;2;7;82;59m█[38;2;7;82;59;48;2;7;82;59m█[38;2;7;82;59;48;2;7;82;59m█[38;2;7;82;59;48;2;7;82;59m█[38;2;6;58;44;48;2;6;58;44m█[38;2;6;58;44;48;2;6;58;44m█[38;2;6;58;44;48;2;6;58;44m█[38;2;6;58;44;48;2;6;58;44m█[38;2;9;99;70;48;2;6;58;44m▀[38;2;6;58;44;48;2;6;58;44m█[38;2;5;43;35;48;2;5;43;35m█[38;2;5;43;35;48;2;5;43;35m█[38;2;2;11;8;48;2;2;11;8m [38;2;41;140;102;48;2;41;140;102m█[38;2;2;11;8;48;2;2;11;8m [38;2;2;11;8;48;2;2;11;8m [38;2;2;11;8;48;2;2;11;8m [38;2;2;11;8;48;2;2;11;8m [38;2;2;11;8;48;2;2;11;8m [38;2;2;11;8;48;2;2;11;8m [38;2;2;11;8;48;2;2;11;8m 
[38;2;2;11;8;48;2;2;11;8m [38;2;2;11;8;48;2;2;11;8m [38;2;2;11;8;48;2;2;11;8m [38;2;2;11;8;48;2;2;11;8m [38;2;2;11;8;48;2;2;11;8m [38;2;2;11;8;48;2;2;11;8m [38;2;2;11;8;48;2;2;11;8m [38;2;113;237;177;48;2;113;237;177m█[38;2;2;11;8;48;2;2;11;8m [38;2;5;43;35;48;2;5;43;35m█[38;2;6;58;44;48;2;6;58;44m█[38;2;7;82;59;48;2;7;82;59m█[38;2;7;82;59;48;2;7;82;59m█[38;2;7;82;59;48;2;7;82;59m█[38;2;7;82;59;48;2;7;82;59m█[38;2;6;58;44;48;2;6;58;44m█[38;2;6;58;44;48;2;6;58;44m█[38;2;6;58;44;48;2;6;58;44m█[38;2;6;58;44;48;2;6;58;44m█[38;2;9;99;70;48;2;6;58;44m▀[38;2;6;58;44;48;2;6;58;44m█[38;2;5;43;35;48;2;5;43;35m█[38;2;5;43;35;48;2;5;43;35m█[38;2;2;11;8;48;2;2;11;8m [38;2;41;140;102;48;2;41;140;102m█[38;2;2;11;8;48;2;2;11;8m [38;2;2;11;8;48;2;2;11;8m [38;2;2;11;8;48;2;2;11;8m [38;2;2;11;8;48;2;2;11;8m [38;2;2;11;8;48;2;2;11;8m [38;2;2;11;8;48;2;2;11;8m [38;2;2;11;8;48;2;2;11;8m 
[38;2;2;11;8;48;2;2;11;8m [38;2;2;11;8;48;2;2;11;8m [38;2;2;11;8;48;2;2;11;8m [38;2;2;11;8;48;2;2;11;8m [38;2;2;11;8;48;2;2;11;8m [38;2;2;11;8;48;2;2;11;8m [38;2;2;11;8;48;2;2;11;8m [38;2;113;237;177;48;2;113;237;177m█[38;2;2;11;8;48;2;2;11;8m [38;2;5;43;35;48;2;5;43;35m█[38;2;16;134;89;48;2;16;134;89m█[38;2;7;82;59;48;2;7;82;59m█[38;2;7;82;59;48;2;7;82;59m█[38;2;7;82;59;48;2;7;82;59m█[38;2;7;82;59;48;2;7;82;59m█[38;2;6;58;44;48;2;6;58;44m█[38;2;6;58;44;48;2;6;58;44m█[38;2;6;58;44;48;2;6;58;44m█[38;2;6;58;44;48;2;6;58;44m█[38;2;9;99;70;48;2;9;99;70m█[38;2;6;58;44;48;2;6;58;44m█[38;2;5;43;35;48;2;5;43;35m█[38;2;5;43;35;48;2;5;43;35m█[38;2;2;11;8;48;2;2;11;8m [38;2;41;140;102;48;2;41;140;102m█[38;2;2;11;8;48;2;2;11;8m [38;2;2;11;8;48;2;2;11;8m [38;2;2;11;8;48;2;2;11;8m [38;2;2;11;8;48;2;2;11;8m [38;2;2;11;8;48;2;2;11;8m [38;2;2;11;8;48;2;2;11;8m [38;2;2;11;8;48;2;2;11;8m 
[38;2;2;11;8;48;2;2;11;8m [38;2;2;11;8;48;2;2;11;8m [38;2;2;11;8;48;2;2;11;8m [38;2;2;11;8;48;2;2;11;8m [38;2;2;11;8;48;2;2;11;8m [38;2;2;11;8;48;2;2;11;8m [38;2;2;11;8;48;2;2;11;8m [38;2;113;237;177;48;2;113;237;177m█[38;2;2;11;8;48;2;2;11;8m [38;2;5;43;35;48;2;5;43;35m█[38;2;9;99;70;48;2;9;99;70m█[38;2;7;82;59;48;2;6;58;44m▀[38;2;7;82;59;48;2;7;82;59m█[38;2;7;82;59;48;2;7;82;59m█[38;2;7;82;59;48;2;7;82;59m█[38;2;6;58;44;48;2;7;82;59m▀[38;2;6;58;44;48;2;6;58;44m█[38;2;6;58;44;48;2;6;58;44m█[38;2;6;58;44;48;2;226;255;240m▀[38;2;6;58;44;48;2;226;255;240m▀[38;2;6;58;44;48;2;113;237;177m▀[38;2;5;43;35;48;2;5;43;35m█[38;2;5;43;35;48;2;5;43;35m█[38;2;2;11;8;48;2;2;11;8m [38;2;41;140;102;48;2;60;187;131m▀[38;2;2;11;8;48;2;2;11;8m [38;2;2;11;8;48;2;2;11;8m [38;2;2;11;8;48;2;2;11;8m [38;2;2;11;8;48;2;2;11;8m [38;2;2;11;8;48;2;2;11;8m [38;2;2;11;8;48;2;2;11;8m [38;2;2;11;8;48;2;2;11;8m 
[38;2;2;11;8;48;2;2;11;8m [38;2;2;11;8;48;2;2;11;8m [38;2;2;11;8;48;2;2;11;8m [38;2;2;11;8;48;2;2;11;8m [38;2;2;11;8;48;2;2;11;8m [38;2;2;11;8;48;2;2;11;8m [38;2;2;11;8;48;2;2;11;8m [38;2;113;237;177;48;2;113;237;177m█[38;2;2;11;8;48;2;2;11;8m [38;2;5;43;35;48;2;5;43;35m█[38;2;6;58;44;48;2;6;58;44m█[38;2;9;99;70;48;2;6;58;44m▀[38;2;7;82;59;48;2;7;82;59m█[38;2;7;82;59;48;2;7;82;59m█[38;2;7;82;59;48;2;7;82;59m█[38;2;7;82;59;48;2;7;82;59m█[38;2;6;58;44;48;2;6;58;44m█[38;2;226;255;240;48;2;16;134;89m▀[38;2;226;255;240;48;2;5;43;35m▀[38;2;226;255;240;48;2;5;43;35m▀[38;2;5;43;35;48;2;5;43;35m█[38;2;113;237;177;48;2;16;134;89m▀[38;2;5;43;35;48;2;5;43;35m█[38;2;2;11;8;48;2;2;11;8m [38;2;60;187;131;48;2;60;187;131m█[38;2;2;11;8;48;2;2;11;8m [38;2;2;11;8;48;2;2;11;8m [38;2;2;11;8;48;2;2;11;8m [38;2;2;11;8;48;2;2;11;8m [38;2;2;11;8;48;2;2;11;8m [38;2;2;11;8;48;2;2;11;8m [38;2;2;11;8;48;2;2;11;8m 
[38;2;2;11;8;48;2;2;11;8m [38;2;2;11;8;48;2;2;11;8m [38;2;2;11;8;48;2;2;11;8m [38;2;2;11;8;48;2;2;11;8m [38;2;2;11;8;48;2;2;11;8m [38;2;2;11;8;48;2;2;11;8m [38;2;2;11;8;48;2;2;11;8m [38;2;113;237;177;48;2;113;237;177m█[38;2;2;11;8;48;2;2;11;8m [38;2;5;43;35;48;2;5;43;35m█[38;2;6;58;44;48;2;6;58;44m█[38;2;6;58;44;48;2;6;58;44m█[38;2;7;82;59;48;2;7;82;59m█[38;2;7;82;59;48;2;7;82;59m█[38;2;7;82;59;48;2;7;82;59m█[38;2;7;82;59;48;2;7;82;59m█[38;2;6;58;44;48;2;6;58;44m█[38;2;16;134;89;48;2;6;58;44m▀[38;2;5;43;35;48;2;16;134;89m▀[38;2;5;43;35;48;2;16;134;89m▀[38;2;6;58;44;48;2;16;134;89m▀[38;2;16;134;89;48;2;5;43;35m▀[38;2;5;43;35;48;2;5;43;35m█[38;2;2;11;8;48;2;2;11;8m [38;2;60;187;131;48;2;60;187;131m█[38;2;2;11;8;48;2;2;11;8m [38;2;2;11;8;48;2;2;11;8m [38;2;2;11;8;48;2;2;11;8m [38;2;2;11;8;48;2;2;11;8m [38;2;2;11;8;48;2;2;11;8m [38;2;2;11;8;48;2;2;11;8m [38;2;2;11;8;48;2;2;11;8m 
[38;2;2;11;8;48;2;2;11;8m [38;2;2;11;8;48;2;2;11;8m [38;2;2;11;8;48;2;2;11;8m [38;2;2;11;8;48;2;2;11;8m [38;2;2;11;8;48;2;2;11;8m [38;2;2;11;8;48;2;2;11;8m [38;2;2;11;8;48;2;2;11;8m [38;2;113;237;177;48;2;113;237;177m█[38;2;2;11;8;48;2;2;11;8m [38;2;5;43;35;48;2;5;43;35m█[38;2;6;58;44;48;2;6;58;44m█[38;2;6;58;44;48;2;6;58;44m█[38;2;7;82;59;48;2;6;58;44m▀[38;2;7;82;59;48;2;7;82;59m█[38;2;7;82;59;48;2;7;82;59m█[38;2;7;82;59;48;2;7;82;59m█[38;2;7;82;59;48;2;7;82;59m█[38;2;6;58;44;48;2;6;58;44m█[38;2;6;58;44;48;2;6;58;44m█[38;2;6;58;44;48;2;6;58;44m█[38;2;6;58;44;48;2;6;58;44m█[38;2;5;43;35;48;2;5;43;35m█[38;2;5;43;35;48;2;5;43;35m█[38;2;2;11;8;48;2;2;11;8m [38;2;60;187;131;48;2;41;140;102m▀[38;2;2;11;8;48;2;2;11;8m [38;2;2;11;8;48;2;2;11;8m [38;2;2;11;8;48;2;2;11;8m [38;2;2;11;8;48;2;2;11;8m [38;2;2;11;8;48;2;2;11;8m [38;2;2;11;8;48;2;2;11;8m [38;2;2;11;8;48;2;2;11;8m 
[38;2;2;11;8;48;2;2;11;8m [38;2;2;11;8;48;2;2;11;8m [38;2;2;11;8;48;2;2;11;8m [38;2;2;11;8;48;2;2;11;8m [38;2;2;11;8;48;2;2;11;8m [38;2;2;11;8;48;2;2;11;8m [38;2;2;11;8;48;2;2;11;8m [38;2;113;237;177;48;2;113;237;177m█[38;2;2;11;8;48;2;2;11;8m [38;2;5;43;35;48;2;5;43;35m█[38;2;6;58;44;48;2;6;58;44m█[38;2;6;58;44;48;2;6;58;44m█[38;2;6;58;44;48;2;6;58;44m█[38;2;16;134;89;48;2;16;134;89m█[38;2;7;82;59;48;2;7;82;59m█[38;2;7;82;59;48;2;7;82;59m█[38;2;7;82;59;48;2;7;82;59m█[38;2;6;58;44;48;2;6;58;44m█[38;2;6;58;44;48;2;6;58;44m█[38;2;6;58;44;48;2;6;58;44m█[38;2;6;58;44;48;2;6;58;44m█[38;2;5;43;35;48;2;5;43;35m█[38;2;5;43;35;48;2;5;43;35m█[38;2;2;11;8;48;2;2;11;8m [38;2;41;140;102;48;2;41;140;102m█[38;2;2;11;8;48;2;2;11;8m [38;2;2;11;8;48;2;2;11;8m [38;2;2;11;8;48;2;2;11;8m [38;2;2;11;8;48;2;2;11;8m [38;2;2;11;8;48;2;2;11;8m [38;2;2;11;8;48;2;2;11;8m [38;2;2;11;8;48;2;2;11;8m 
[38;2;2;11;8;48;2;2;11;8m [38;2;2;11;8;48;2;2;11;8m [38;2;2;11;8;48;2;2;11;8m [38;2;2;11;8;48;2;2;11;8m [38;2;2;11;8;48;2;2;11;8m [38;2;2;11;8;48;2;2;11;8m [38;2;2;11;8;48;2;2;11;8m [38;2;113;237;177;48;2;113;237;177m█[38;2;2;11;8;48;2;2;11;8m [38;2;5;43;35;48;2;5;43;35m█[38;2;6;58;44;48;2;6;58;44m█[38;2;6;58;44;48;2;6;58;44m█[38;2;6;58;44;48;2;6;58;44m█[38;2;7;82;59;48;2;7;82;59m█[38;2;9;99;70;48;2;9;99;70m█[38;2;7;82;59;48;2;9;99;70m▀[38;2;7;82;59;48;2;7;82;59m█[38;2;6;58;44;48;2;6;58;44m█[38;2;6;58;44;48;2;6;58;44m█[38;2;6;58;44;48;2;6;58;44m█[38;2;6;58;44;48;2;6;58;44m█[38;2;5;43;35;48;2;5;43;35m█[38;2;5;43;35;48;2;5;43;35m█[38;2;2;11;8;48;2;2;11;8m [38;2;41;140;102;48;2;41;140;102m█[38;2;2;11;8;48;2;2;11;8m [38;2;2;11;8;48;2;2;11;8m [38;2;2;11;8;48;2;2;11;8m [38;2;2;11;8;48;2;2;11;8m [38;2;2;11;8;48;2;2;11;8m [38;2;2;11;8;48;2;2;11;8m [38;2;2;11;8;48;2;2;11;8m 
[38;2;2;11;8;48;2;2;11;8m [38;2;2;11;8;48;2;2;11;8m [38;2;2;11;8;48;2;2;11;8m [38;2;2;11;8;48;2;2;11;8m [38;2;2;11;8;48;2;2;11;8m [38;2;2;11;8;48;2;2;11;8m [38;2;2;11;8;48;2;2;11;8m [38;2;113;237;177;48;2;113;237;177m█[38;2;2;11;8;48;2;2;11;8m [38;2;5;43;35;48;2;2;11;8m▀[38;2;6;58;44;48;2;6;58;44m█[38;2;6;58;44;48;2;6;58;44m█[38;2;6;58;44;48;2;6;58;44m█[38;2;7;82;59;48;2;7;82;59m█[38;2;7;82;59;48;2;7;82;59m█[38;2;7;82;59;48;2;7;82;59m█[38;2;7;82;59;48;2;7;82;59m█[38;2;6;58;44;48;2;6;58;44m█[38;2;6;58;44;48;2;6;58;44m█[38;2;6;58;44;48;2;6;58;44m█[38;2;6;58;44;48;2;6;58;44m█[38;2;5;43;35;48;2;5;43;35m█[38;2;5;43;35;48;2;2;11;8m▀[38;2;2;11;8;48;2;2;11;8m [38;2;41;140;102;48;2;41;140;102m█[38;2;2;11;8;48;2;2;11;8m [38;2;2;11;8;48;2;2;11;8m [38;2;2;11;8;48;2;2;11;8m [38;2;2;11;8;48;2;2;11;8m [38;2;2;11;8;48;2;2;11;8m [38;2;2;11;8;48;2;2;11;8m [38;2;2;11;8;48;2;2;11;8m 
[38;2;2;11;8;48;2;2;11;8m [38;2;2;11;8;48;2;2;11;8m [38;2;2;11;8;48;2;2;11;8m [38;2;2;11;8;48;2;2;11;8m [38;2;2;11;8;48;2;2;11;8m [38;2;2;11;8;48;2;2;11;8m [38;2;2;11;8;48;2;2;11;8m [38;2;2;11;8;48;2;2;11;8m [38;2;113;237;177;48;2;113;237;177m█[38;2;2;11;8;48;2;2;11;8m [38;2;5;43;35;48;2;2;11;8m▀[38;2;5;43;35;48;2;5;43;35m█[38;2;5;43;35;48;2;5;43;35m█[38;2;7;82;59;48;2;7;82;59m█[38;2;7;82;59;48;2;7;82;59m█[38;2;7;82;59;48;2;7;82;59m█[38;2;7;82;59;48;2;7;82;59m█[38;2;6;58;44;48;2;6;58;44m█[38;2;6;58;44;48;2;6;58;44m█[38;2;5;43;35;48;2;5;43;35m█[38;2;5;43;35;48;2;5;43;35m█[38;2;5;43;35;48;2;2;11;8m▀[38;2;2;11;8;48;2;2;11;8m [38;2;41;140;102;48;2;41;140;102m█[38;2;2;11;8;48;2;2;11;8m [38;2;2;11;8;48;2;2;11;8m [38;2;2;11;8;48;2;2;11;8m [38;2;2;11;8;48;2;2;11;8m [38;2;2;11;8;48;2;2;11;8m [38;2;2;11;8;48;2;2;11;8m [38;2;2;11;8;48;2;2;11;8m [38;2;2;11;8;48;2;2;11;8m 
[38;2;2;11;8;48;2;2;11;8m [38;2;2;11;8;48;2;2;11;8m [38;2;2;11;8;48;2;2;11;8m [38;2;2;11;8;48;2;2;11;8m [38;2;2;11;8;48;2;2;11;8m [38;2;2;11;8;48;2;2;11;8m [38;2;2;11;8;48;2;2;11;8m [38;2;2;11;8;48;2;2;11;8m [38;2;2;11;8;48;2;2;11;8m [38;2;113;237;177;48;2;2;11;8m▀[38;2;113;237;177;48;2;2;11;8m▄[38;2;2;11;8;48;2;2;11;8m [38;2;5;43;35;48;2;2;11;8m▀[38;2;7;82;59;48;2;2;11;8m▀[38;2;7;82;59;48;2;2;11;8m▀[38;2;7;82;59;48;2;2;11;8m▀[38;2;7;82;59;48;2;2;11;8m▀[38;2;6;58;44;48;2;2;11;8m▀[38;2;6;58;44;48;2;2;11;8m▀[38;2;5;43;35;48;2;2;11;8m▀[38;2;2;11;8;48;2;2;11;8m [38;2;41;140;102;48;2;2;11;8m▄[38;2;41;140;102;48;2;2;11;8m▀[38;2;2;11;8;48;2;2;11;8m [38;2;2;11;8;48;2;2;11;8m [38;2;2;11;8;48;2;2;11;8m [38;2;2;11;8;48;2;2;11;8m [38;2;2;11;8;48;2;2;11;8m [38;2;2;11;8;48;2;2;11;8m [38;2;2;11;8;48;2;2;11;8m [38;2;2;11;8;48;2;2;11;8m [38;2;2;11;8;48;2;2;11;8m 
[38;2;2;11;8;48;2;2;11;8m [38;2;2;11;8;48;2;2;11;8m [38;2;2;11;8;48;2;2;11;8m [38;2;2;11;8;48;2;2;11;8m [38;2;2;11;8;48;2;2;11;8m [38;2;2;11;8;48;2;2;11;8m [38;2;2;11;8;48;2;2;11;8m [38;2;2;11;8;48;2;2;11;8m [38;2;2;11;8;48;2;2;11;8m [38;2;2;11;8;48;2;2;11;8m [38;2;2;11;8;48;2;2;11;8m [38;2;113;237;177;48;2;2;11;8m▀[38;2;113;237;177;48;2;2;11;8m▄[38;2;113;237;177;48;2;2;11;8m▄[38;2;113;237;177;48;2;2;11;8m▄[38;2;113;237;177;48;2;2;11;8m▄[38;2;41;140;102;48;2;2;11;8m▄[38;2;41;140;102;48;2;2;11;8m▄[38;2;41;140;102;48;2;2;11;8m▄[38;2;41;140;102;48;2;2;11;8m▄[38;2;41;140;102;48;2;2;11;8m▀[38;2;2;11;8;48;2;2;11;8m [38;2;2;11;8;48;2;2;11;8m [38;2;2;11;8;48;2;2;11;8m [38;2;2;11;8;48;2;2;11;8m [38;2;2;11;8;48;2;2;11;8m [38;2;2;11;8;48;2;2;11;8m [38;2;2;11;8;48;2;2;11;8m [38;2;2;11;8;48;2;2;11;8m [38;2;2;11;8;48;2;2;11;8m [38;2;2;11;8;48;2;2;11;8m [38;2;2;11;8;48;2;2;11;8m 
[38;2;2;11;8;48;2;2;11;8m [38;2;2;11;8;48;2;2;11;8m [38;2;2;11;8;48;2;2;11;8m [38;2;2;11;8;48;2;2;11;8m [38;2;2;11;8;48;2;2;11;8m [38;2;2;11;8;48;2;2;11;8m [38;2;2;11;8;48;2;2;11;8m [38;2;2;11;8;48;2;2;11;8m [38;2;2;11;8;48;2;2;11;8m [38;2;2;11;8;48;2;2;11;8m [38;2;2;11;8;48;2;2;11;8m [38;2;2;11;8;48;2;2;11;8m [38;2;2;11;8;48;2;2;11;8m [38;2;2;11;8;48;2;2;11;8m [38;2;2;11;8;48;2;2;11;8m [38;2;2;11;8;48;2;2;11;8m [38;2;2;11;8;48;2;2;11;8m [38;2;2;11;8;48;2;2;11;8m [38;2;2;11;8;48;2;2;11;8m [38;2;2;11;8;48;2;2;11;8m [38;2;2;11;8;48;2;2;11;8m [38;2;2;11;8;48;2;2;11;8m [38;2;2;11;8;48;2;2;11;8m [38;2;2;11;8;48;2;2;11;8m [38;2;2;11;8;48;2;2;11;8m [38;2;2;11;8;48;2;2;11;8m [38;2;2;11;8;48;2;2;11;8m [38;2;2;11;8;48;2;2;11;8m [38;2;2;11;8;48;2;2;11;8m [38;2;2;11;8;48;2;2;11;8m [38;2;2;11;8;48;2;2;11;8m [38;2;2;11;8;48;2;2;11;8m 
[38;2;2;11;8;48;2;2;11;8m [38;2;2;11;8;48;2;2;11;8m [38;2;2;11;8;48;2;2;11;8m [38;2;2;11;8;48;2;2;11;8m [38;2;2;11;8;48;2;2;11;8m [38;2;2;11;8;48;2;2;11;8m [38;2;2;11;8;48;2;2;11;8m [38;2;2;11;8;48;2;2;11;8m [38;2;2;11;8;48;2;2;11;8m [38;2;2;11;8;48;2;2;11;8m [38;2;2;11;8;48;2;2;11;8m [38;2;2;11;8;48;2;2;11;8m [38;2;2;11;8;48;2;2;11;8m [38;2;2;11;8;48;2;2;11;8m [38;2;2;11;8;48;2;2;11;8m [38;2;2;11;8;48;2;2;11;8m [38;2;2;11;8;48;2;2;11;8m [38;2;2;11;8;48;2;2;11;8m [38;2;2;11;8;48;2;2;11;8m [38;2;2;11;8;48;2;2;11;8m [38;2;2;11;8;48;2;2;11;8m [38;2;2;11;8;48;2;2;11;8m [38;2;2;11;8;48;2;2;11;8m [38;2;2;11;8;48;2;2;11;8m [38;2;2;11;8;48;2;2;11;8m [38;2;2;11;8;48;2;2;11;8m [38;2;2;11;8;48;2;2;11;8m [38;2;2;11;8;48;2;2;11;8m [38;2;2;11;8;48;2;2;11;8m [38;2;2;11;8;48;2;2;11;8m [38;2;2;11;8;48;2;2;11;8m [38;2;2;11;8;48;2;2;11;8m [0m